1	2	3	4	5	6	7	8	9	10	14	15	17	18	19	20	21	23	24	26	27	28	29	30	31	34	38	40	41	43	44	47	49	52	54	58	60	62	64	66	67	72	76	79	80	82	84	88	99
0	2	3	7	9	10	12	13	14	16	21	23	25	26	27	28	29	30	31	32	34	35	36	37	41	42	43	49	51	53	56	62	66	74	85	86	90	98	99
0	1	9	13	14	18	23	28	32	33	36	39	42	59	69	71	81	82	83	89	92
0	1	4	6	7	8	10	12	13	14	16	17	19	21	30	33	37	39	44	45	48	51	53	55	58	68	71	72	73	75	77	82	85	89	92	96
0	3	5	6	8	18	24	25	28	35	37	40	45	46	47	56	57	99
0	4	8	11	13	15	18	22	24	25	27	29	30	46	47	48	50	51	56	68	81	89
0	3	4	7	11	12	22	55	69	82	84	90
0	1	3	6	11	33	46	53	55	68	89
0	3	4	5	13	17	18	20	25	27	35	38	41	51	57	66	97
0	1	2	19	20	23	45	47	50	52	62	64	68	72	80
0	1	3	12	23	37	42	45	60	62	99
5	6	7	12	16	20	28	70	88	92
1	3	6	10	11	19	22	24	46	57	58	69	74	75	78	92	93
1	2	3	5	8	50
0	1	2	3	15	17	36	57	70	91
0	5	14	16	19	43	53	63
1	3	11	15	31	43	44	67	75	92
0	3	8	14	33	76	93
0	2	4	5	8	35	56	57	59	63	73	77	80	84
0	3	9	12	15	21	26	66
0	8	9	11	32	36	46	52	80	87
0	1	3	19	22	34	49	63	99
5	6	12	21	37	52	83
0	1	2	9	10	25	26	54	65	95
0	4	5	12	31	41	60	61	88	94
1	4	5	8	23	32	34	36	49	98
0	1	19	23	29	43	48	71	74	91
0	1	5	8	33	35	40	64	65
0	1	2	4	11	65	95
0	1	5	26	40	45	55	64	73	77
0	1	3	5
0	1	16	24	39	41	42	59	61	81	84
1	2	20	25	58	69	75	77	83
2	3	7	17	27	59	60	63	78	87
0	1	21	25	38	44	49	81	98
1	4	8	18	27	52	54	55	62	67	79	95
1	2	14	20	25	65
1	3	4	10	22	39	48	53	59	73	88
0	8	34	61	64	71	78	88	93	94
2	3	31	37	51	54	78
0	4	27	29	50	68
0	1	8	24	31	42
1	2	10	31	41
0	1	15	16	26
0	3	16	34
3	4	9	10	29
4	5	7	12	20	70	97
0	4	5	9	83
3	5	26	37	65
0	1	21	25	34	70	77	81	97
5	9	13	40	79	87	95
1	3	5	8	39	67	71	76	91
0	9	20	22	35
1	3	7	15	37	58	96
0	23	35	39	84	86	87	98
3	6	7	29	35
1	4	5	18	85	96	97
4	8	12	14	18	69	76
0	3	12	32	53	76	96
2	18	31	33	37	75
0	10	24	33	61	82
24	31	38	60	85
0	1	9	10	35
15	18	21	33	70	94
0	9	27	29	38	67	86
23	27	28	36	48	95
0	1	8	19
0	16	35	51	64	78	86
3	5	7	9	40	74
2	6	12	32	57	74	79	83	86
11	14	46	49	63	87
2	3	26	38	51
0	3	9	94	96
3	18	29	37
1	12	26	68	69
3	12	16	32	59	79
0	17	51	57	58
3	18	29	32	49
12	33	38	39	67
0	35	50	69	75
0	9	18	20
2	5	31	34	49	91
0	2	3	6	60	91
2	22	32	47	69
0	6	18	31	54
1	3	56	61	90
1	54	64	67	69
20	33	50	54	70	89	90	93	94
0	11	24	37	38
2	3	5	7	87
1	6	85	87
14	26	51	81	82
2	3	11	12	16	93
12	17	38	87	92
24	38	63	72	87
23	28	35	50	65	98
3	53	56	58	72
8	46	49	56
1	25	34	54	95
0	1	4	10	21
