-1 -1 -1 -1 -1 -1 -1 -1 -1 -1 -1 7 24 3 -1 -1 3 -1 -1 -1 -1 -1 6 -1 -1 4 -1 -1 -1 -1 -1 -1 58 17 -1 67 20 88 -1 2 -1 -1 10 -1 -1 10 7 -1 26 -1 9 8 -1 1 -1 29 4 8 -1 2 -1 24 -1 21 -1 28 -1 -1 5 2 49 26 -1 18 26 79 -1 3 38 -1 -1 49 -1 47 -1 1 64 54 -1 3 6 82 3 38 24 28 58 49 34 -1
-1 -1 -1 -1 56 51 0 -1 66 -1 -1 16 -1 -1 -1 14 -1 14 35 66 0 -1 37 -1 41 -1 -1 -1 -1 -1 -1 -1 -1 27 -1 -1 -1 -1 0 3 0 -1 -1 -1 16 29 12 9 26 -1 9 -1 0 -1 86 29 -1 12 32 31 10 31 -1 21 27 27 -1 51 3 32 14 51 9 37 -1 12 51 29 12 0 0 2 0 32 0 -1 -1 90 37 3 -1 51 3 12 0 35 53 56 -1 -1
-1 -1 -1 33 28 13 0 1 13 -1 1 28 1 -1 -1 14 1 14 -1 0 0 0 83 -1 0 32 71 33 -1 0 0 81 -1 -1 1 1 -1 39 71 -1 0 42 -1 0 0 9 89 83 0 1 9 39 9 1 39 39 18 18 32 -1 33 33 1 18 0 28 1 0 9 -1 14 -1 0 18 1 32 0 32 39 0 9 -1 -1 -1 0 1 69 33 0 -1 1 81 -1 92 89 23 32 13 1 1
-1 -1 39 -1 -1 51 -1 -1 -1 68 -1 16 -1 -1 -1 53 -1 -1 77 -1 0 -1 37 10 0 1 1 0 1 45 -1 16 1 -1 44 55 1 -1 0 -1 68 1 1 1 -1 -1 12 0 -1 1 13 -1 0 -1 39 -1 1 14 -1 75 10 85 0 33 0 48 0 0 -1 6 14 -1 -1 -1 1 -1 17 -1 33 75 0 8 -1 89 0 -1 1 89 37 -1 85 82 -1 12 72 10 -1 8 1 0
-1 56 18 -1 -1 -1 -1 0 -1 0 99 5 24 8 3 5 3 0 -1 0 46 3 6 25 -1 -1 0 35 -1 40 3 24 25 3 25 -1 25 -1 8 3 -1 0 0 0 0 -1 -1 -1 3 25 5 5 0 3 35 6 -1 -1 0 37 0 24 0 18 0 28 0 35 40 6 46 3 3 3 57 3 0 3 3 35 0 5 6 47 18 56 56 40 0 3 6 8 3 0 24 35 56 46 25 -1
-1 13 81 8 -1 -1 11 0 -1 68 0 -1 22 -1 15 -1 15 8 -1 15 46 22 -1 0 -1 -1 29 -1 11 -1 -1 81 25 27 0 8 25 22 8 51 29 0 13 15 0 4 -1 -1 -1 0 -1 -1 22 15 0 29 -1 18 0 18 24 24 0 18 29 48 8 0 -1 18 11 51 0 29 68 50 0 18 24 0 0 -1 0 47 0 56 56 50 24 -1 4 81 11 50 24 50 56 46 25 4
-1 7 69 -1 -1 0 -1 -1 3 0 0 -1 -1 3 3 0 3 0 0 3 0 22 -1 0 0 4 0 0 4 55 0 0 69 3 0 4 0 4 0 3 0 0 82 0 0 4 4 0 3 0 69 3 0 3 84 -1 4 69 12 7 0 84 0 22 0 4 0 0 7 -1 11 3 3 3 12 3 0 3 12 69 0 69 -1 22 -1 3 69 90 0 7 -1 82 11 12 3 11 3 12 7 4
-1 -1 33 -1 6 0 -1 -1 3 68 3 -1 6 1 0 0 3 33 0 0 46 0 6 1 0 1 1 0 1 1 1 0 1 -1 0 55 1 3 0 3 0 0 1 1 3 3 -1 0 3 1 0 3 0 -1 0 -1 1 6 3 33 33 33 1 33 0 11 0 0 -1 6 11 3 0 3 68 3 0 3 33 0 0 89 3 6 6 3 1 89 0 -1 6 3 3 0 33 0 3 46 1 1
-1 35 18 -1 -1 -1 0 0 -1 0 0 20 57 -1 57 0 3 -1 -1 0 -1 0 5 25 0 -1 0 -1 0 0 3 0 25 17 0 -1 20 3 -1 3 27 -1 41 0 0 3 4 0 5 25 5 -1 35 3 0 35 4 -1 0 18 0 38 35 18 38 27 -1 0 5 57 97 3 3 18 0 3 0 3 38 35 20 5 0 25 18 3 51 20 38 3 20 51 3 17 38 35 3 -1 25 4
-1 -1 -1 68 45 47 0 68 20 -1 1 20 1 1 0 19 1 0 80 -1 -1 1 52 -1 0 1 1 1 0 64 0 1 2 2 1 1 1 1 64 2 0 1 2 1 0 -1 20 -1 47 0 -1 1 -1 1 0 1 1 2 0 2 0 64 -1 19 -1 23 0 0 -1 2 1 2 -1 80 68 19 0 19 0 0 -1 2 0 2 0 1 1 50 0 2 1 19 2 1 72 50 72 20 1 0
-1 -1 23 -1 0 0 12 1 3 23 -1 12 -1 3 3 0 1 0 0 3 0 3 12 -1 12 1 1 0 1 1 3 42 1 3 0 1 1 -1 0 3 0 1 -1 1 0 -1 12 0 3 1 62 3 0 3 0 3 1 12 3 37 -1 60 -1 99 0 23 0 0 3 12 12 3 3 37 12 3 0 3 12 0 0 23 0 1 0 3 1 3 37 3 1 23 3 12 12 23 3 12 1 -1
5 7 28 6 28 -1 -1 -1 20 20 12 -1 -1 5 70 16 -1 28 5 12 -1 12 6 88 5 5 6 5 -1 5 5 16 20 7 88 20 20 88 88 28 20 16 92 16 16 16 20 5 5 70 5 5 20 7 28 7 5 12 12 5 7 88 88 70 7 28 12 16 5 6 -1 5 5 92 12 12 88 6 12 28 20 5 6 28 6 28 7 20 -1 7 6 70 -1 12 88 28 6 20 7 7
10 -1 1 -1 6 22 -1 1 3 19 -1 -1 -1 1 57 19 11 3 57 -1 11 22 -1 10 -1 1 1 1 11 1 1 1 58 3 1 1 1 3 93 3 74 1 1 1 3 3 -1 10 3 1 93 3 22 1 93 3 1 -1 -1 75 24 24 1 57 58 3 1 78 74 -1 46 3 3 3 -1 -1 58 3 -1 69 24 11 6 69 6 1 1 93 24 3 6 1 -1 -1 24 11 58 46 1 10
8 -1 -1 -1 8 -1 3 1 -1 50 3 5 3 -1 1 5 3 3 5 3 8 3 5 1 5 5 1 8 1 5 1 1 1 3 1 8 2 3 8 3 50 8 2 1 3 3 5 5 3 1 -1 5 2 3 8 3 5 8 3 2 2 8 1 1 8 2 8 8 3 2 50 2 3 3 1 3 8 3 3 50 5 2 3 2 5 1 1 50 8 5 1 5 2 3 50 50 3 8 1 1
-1 -1 -1 -1 3 0 0 0 57 0 1 70 1 2 -1 -1 15 -1 0 3 0 0 57 2 0 36 1 1 0 1 3 0 1 2 1 1 -1 3 0 2 0 1 1 0 0 3 70 0 3 0 2 3 0 15 0 3 1 -1 0 2 0 1 1 15 0 36 1 0 3 2 -1 3 0 3 1 3 0 3 17 0 0 2 3 2 0 3 1 70 0 3 1 -1 2 17 0 36 3 57 1 0
-1 43 0 53 5 -1 0 53 0 19 0 5 19 5 -1 -1 -1 0 63 -1 0 19 5 0 0 5 43 5 0 0 5 0 16 63 0 5 14 53 0 53 0 0 16 -1 0 0 5 5 5 0 5 5 0 -1 0 0 5 14 53 53 0 16 0 -1 0 5 19 16 5 19 14 53 0 0 43 16 0 5 16 0 0 5 0 5 0 16 43 5 0 5 16 14 16 16 63 0 53 0 14 0
31 -1 1 -1 3 11 3 11 3 1 1 -1 75 3 15 -1 -1 3 92 3 11 3 11 1 31 1 43 1 11 1 3 -1 1 3 1 67 1 3 44 3 1 1 31 -1 -1 3 11 67 3 1 15 3 1 1 31 3 1 1 3 75 43 31 1 15 67 1 1 -1 3 67 11 3 3 3 1 -1 1 3 67 75 1 31 3 92 31 1 67 11 11 3 1 43 -1 92 15 11 3 1 1 1
-1 14 0 -1 8 0 3 0 -1 0 0 33 93 8 -1 0 3 -1 0 0 8 3 93 0 0 8 0 33 0 0 3 0 8 -1 0 8 14 3 8 3 0 0 14 0 0 3 14 0 3 0 8 8 0 3 0 3 0 14 76 33 0 33 0 33 0 0 0 0 3 14 14 3 0 3 3 3 -1 3 33 0 0 14 3 14 0 3 0 93 0 3 93 14 3 -1 0 0 3 8 0 0
-1 0 -1 77 -1 -1 4 0 -1 0 0 5 57 8 2 5 5 8 -1 0 0 0 5 0 4 4 0 0 2 73 0 59 2 2 0 -1 2 4 0 2 0 0 2 0 0 4 4 0 5 0 5 8 35 8 35 35 -1 -1 0 -1 0 56 35 -1 0 8 0 35 5 57 63 2 0 -1 56 59 57 -1 59 35 -1 5 0 2 -1 56 0 5 0 2 2 8 2 2 63 35 56 56 56 0
-1 26 9 -1 0 15 12 0 66 -1 12 12 -1 3 15 -1 3 3 0 -1 0 -1 21 0 12 21 -1 0 0 0 0 0 9 3 0 21 0 3 0 3 0 0 3 26 0 3 12 9 26 0 9 3 9 15 0 3 3 12 0 0 0 0 9 15 9 9 -1 0 9 12 0 3 9 3 12 12 0 3 12 0 9 15 0 0 0 3 21 9 0 3 26 26 3 12 9 0 3 3 26 0
-1 36 36 8 46 46 11 46 -1 -1 0 -1 46 8 0 0 11 8 8 9 -1 0 52 0 0 36 0 8 11 0 0 0 -1 87 0 8 -1 0 0 87 0 8 9 0 0 9 -1 0 8 0 87 8 -1 0 87 52 9 8 0 32 0 0 0 8 0 36 8 0 9 32 11 0 0 0 32 32 0 32 0 0 -1 0 0 32 0 0 0 -1 11 87 87 0 11 87 87 11 8 8 9 0
-1 -1 1 -1 3 0 22 0 0 1 3 19 3 3 0 63 3 0 63 -1 0 -1 -1 1 0 34 1 1 1 1 1 0 1 63 -1 1 1 3 0 3 0 0 1 1 0 3 19 0 3 -1 1 3 0 3 0 3 1 1 0 3 0 34 1 -1 0 3 0 0 3 22 63 3 3 3 1 3 0 49 34 0 0 49 0 22 0 3 1 1 0 3 1 49 3 1 63 1 3 49 1 -1
5 21 83 12 6 -1 -1 6 5 52 37 5 -1 5 83 5 37 52 5 21 52 -1 -1 6 5 5 52 5 52 5 5 5 83 5 21 52 5 -1 12 37 52 37 21 12 52 37 12 83 5 21 5 5 -1 37 37 6 5 12 12 37 52 12 6 21 52 37 52 21 5 6 5 6 12 37 12 12 21 21 12 6 52 5 6 -1 6 37 37 5 37 5 6 6 12 12 21 52 12 21 37 21
-1 -1 -1 1 0 0 0 0 0 -1 -1 2 1 1 1 0 1 0 0 9 9 0 9 -1 0 -1 -1 1 65 26 0 1 2 2 1 95 65 1 0 54 0 0 10 0 0 10 9 9 65 0 95 1 0 1 -1 54 1 2 0 2 0 10 0 2 0 -1 0 0 9 2 1 2 0 0 1 2 0 25 2 0 9 2 2 2 54 1 1 54 0 2 1 26 2 10 9 -1 0 0 95 1
-1 12 0 12 -1 -1 4 0 41 0 60 5 -1 5 0 0 31 0 4 12 0 0 12 0 -1 5 0 5 4 5 5 -1 0 60 0 4 41 88 94 31 0 -1 41 0 0 4 5 4 5 0 5 5 0 41 0 12 4 12 0 31 -1 -1 0 94 0 5 0 0 5 12 12 4 0 5 12 12 0 12 12 0 0 5 0 12 0 61 0 94 -1 5 4 60 12 12 -1 5 12 5 12 0
23 -1 23 8 -1 -1 4 1 -1 23 1 5 1 8 1 5 1 8 8 5 8 49 5 -1 4 -1 1 5 4 5 5 1 -1 8 -1 8 -1 4 8 32 4 1 1 1 34 4 4 4 5 -1 5 1 36 1 98 8 1 4 32 8 5 8 1 1 34 23 8 1 5 32 49 1 34 8 1 32 49 49 1 32 34 5 32 32 49 1 1 1 34 5 1 1 8 34 8 98 5 49 -1 4
-1 -1 1 0 0 0 0 0 0 23 1 19 74 1 91 19 1 0 0 -1 0 19 74 -1 0 23 -1 0 1 -1 1 0 1 19 1 1 1 48 71 23 29 0 1 -1 0 29 29 0 -1 1 48 1 0 1 0 29 1 1 0 71 0 0 1 43 29 48 0 0 74 74 91 -1 0 29 -1 43 0 29 71 0 0 91 91 74 0 1 1 0 0 29 1 -1 48 74 0 23 19 1 1 0
-1 -1 33 8 8 -1 0 0 -1 64 0 5 1 1 0 0 1 33 0 0 8 0 5 0 5 5 1 -1 1 0 5 1 1 -1 0 -1 1 1 64 8 -1 0 1 1 0 1 5 0 5 1 40 5 0 1 0 35 1 8 0 33 33 8 35 33 -1 -1 0 0 40 33 0 8 0 35 1 35 0 8 33 0 0 5 0 5 0 1 1 33 0 5 1 0 5 0 5 65 8 8 1 0
-1 -1 -1 0 -1 0 11 11 0 1 1 -1 1 1 1 0 1 0 2 0 11 1 1 95 4 4 1 1 -1 1 0 0 1 2 0 4 2 4 0 2 4 0 2 1 0 4 4 0 65 0 95 1 0 1 0 1 4 4 0 2 0 4 0 0 0 -1 0 0 4 2 11 2 0 0 1 11 0 2 1 0 0 2 0 2 0 1 1 2 0 2 1 2 11 2 4 -1 0 4 95 4
-1 -1 1 0 0 -1 55 55 0 0 45 5 1 5 0 0 1 0 0 0 0 1 5 0 0 1 -1 0 0 -1 5 0 1 40 1 1 1 73 64 55 -1 0 1 1 0 -1 5 0 5 77 40 1 0 1 0 -1 5 45 0 1 0 64 1 0 -1 5 0 0 5 55 77 26 0 -1 1 55 0 -1 64 0 0 5 0 77 0 1 1 5 0 5 1 26 77 1 5 40 0 77 1 0
-1 -1 0 -1 3 -1 0 1 0 0 3 5 1 3 0 5 1 0 0 3 0 1 5 1 0 5 0 0 0 1 -1 1 1 3 0 1 1 1 0 3 0 1 1 1 3 3 5 0 5 0 5 3 0 1 0 3 5 0 3 5 0 1 1 3 0 0 0 0 5 0 1 3 0 3 1 3 0 3 3 0 0 5 3 5 0 3 1 5 0 5 1 3 3 0 5 1 3 3 1 1
-1 -1 42 39 24 0 84 1 0 1 0 16 1 1 1 0 -1 0 84 0 0 0 81 0 -1 1 0 0 0 1 0 -1 1 59 81 1 1 59 61 -1 0 -1 -1 16 16 1 1 0 59 1 0 39 0 1 0 1 1 0 0 -1 61 -1 0 0 0 1 0 0 1 84 1 42 0 59 1 59 0 16 39 0 0 -1 0 1 -1 1 1 84 0 0 1 81 16 61 24 0 16 0 1 1
58 -1 -1 1 25 25 69 1 20 2 1 20 75 2 1 20 75 1 77 20 -1 1 83 2 1 -1 1 1 2 77 1 1 -1 2 25 1 1 1 2 2 77 1 1 1 2 58 20 83 58 1 75 1 20 1 58 75 1 69 -1 2 20 1 1 77 20 1 1 75 1 -1 77 2 77 1 1 -1 58 -1 58 75 20 2 2 -1 77 1 1 20 1 2 1 2 2 2 20 25 58 25 1 1
17 2 -1 -1 3 27 3 -1 27 2 60 7 3 3 17 63 3 -1 63 3 87 63 2 2 60 17 3 -1 2 60 3 59 2 -1 3 27 2 59 78 2 27 60 2 3 3 3 7 3 3 63 87 3 7 7 87 7 3 27 3 -1 -1 60 7 -1 27 27 2 78 7 2 87 3 3 3 3 3 17 3 -1 17 63 2 2 2 59 3 27 -1 3 87 87 60 2 17 63 2 3 27 87 3
-1 -1 0 1 0 0 0 1 38 1 1 38 1 1 1 0 44 0 0 0 0 -1 21 25 0 -1 1 0 1 1 0 1 1 1 -1 1 1 1 -1 0 0 0 1 1 -1 21 0 0 25 -1 25 1 0 1 0 0 1 25 0 1 0 38 1 21 0 25 1 0 81 81 49 38 0 0 1 1 0 49 38 0 0 -1 0 81 0 1 1 38 0 0 1 81 21 38 38 98 44 49 -1 0
27 -1 1 8 -1 8 4 55 -1 62 62 1 1 1 1 4 67 8 -1 67 52 1 52 1 4 4 1 -1 95 1 1 1 1 27 1 -1 1 4 8 54 27 8 1 1 55 4 4 4 4 1 79 8 -1 1 -1 -1 4 8 79 18 18 1 -1 18 27 95 8 -1 62 79 54 18 52 18 1 79 67 18 67 -1 18 27 55 18 54 1 67 54 67 54 1 67 67 54 8 -1 18 8 1 1
14 -1 -1 1 25 25 2 1 25 2 1 20 1 1 -1 14 1 14 2 2 -1 1 1 65 2 -1 1 1 2 1 1 1 1 2 25 1 -1 1 2 2 65 1 2 1 20 2 20 20 65 25 25 1 20 1 20 14 1 14 14 2 14 1 1 1 20 -1 1 20 14 2 14 2 20 14 1 20 20 25 2 2 20 2 2 2 2 1 1 20 1 2 1 14 2 20 20 65 14 1 1 1
88 -1 59 -1 -1 48 4 1 4 1 -1 88 10 1 1 53 3 3 4 3 22 22 -1 10 4 4 48 1 4 1 3 1 1 3 1 4 1 -1 88 -1 4 1 1 1 3 10 4 4 -1 1 48 39 22 -1 39 3 4 4 3 -1 10 1 10 1 73 48 1 3 3 39 4 3 3 -1 1 59 39 3 39 10 1 39 3 22 10 3 1 59 -1 3 1 1 3 22 4 48 3 3 1 10
-1 34 0 71 8 8 0 0 -1 64 0 88 93 8 0 0 88 8 0 0 8 34 78 0 94 34 0 8 0 0 0 61 8 78 -1 8 0 88 -1 78 0 0 8 0 34 71 0 0 0 34 8 71 0 88 0 64 0 8 0 78 0 -1 0 94 -1 0 8 64 71 0 88 -1 0 8 71 8 0 71 -1 0 0 34 0 71 0 61 64 94 -1 0 61 34 93 -1 -1 0 71 8 34 0
54 2 -1 -1 37 51 3 3 51 2 37 2 78 2 3 31 31 3 2 3 51 3 37 54 31 37 51 3 2 51 3 -1 2 2 54 54 2 -1 78 -1 54 31 31 54 3 3 3 2 3 3 54 -1 54 3 -1 3 51 37 3 37 31 31 3 3 78 2 51 51 3 2 3 2 3 37 3 3 51 3 -1 3 2 31 2 2 54 3 54 54 37 3 37 51 2 78 3 2 3 51 54 51
-1 0 0 4 -1 29 4 0 4 50 0 0 0 50 0 0 0 0 0 0 0 0 50 0 0 4 0 -1 4 -1 0 0 0 27 0 27 27 4 0 68 -1 0 27 0 0 29 4 0 4 0 -1 4 0 0 0 29 4 4 0 0 0 0 0 27 29 27 0 0 -1 50 0 0 0 29 68 0 0 29 27 50 0 50 0 0 0 0 29 50 0 4 29 29 4 0 4 50 0 4 4 4
-1 -1 1 0 8 24 0 1 -1 0 0 8 1 1 0 0 31 0 8 0 0 1 1 1 -1 8 1 0 0 1 0 -1 1 42 0 1 1 1 8 31 0 -1 -1 0 0 8 0 0 0 0 8 1 0 1 0 8 1 8 0 31 24 31 1 1 0 1 0 0 1 0 1 0 0 0 1 0 0 8 0 0 0 31 0 0 0 1 1 0 24 24 1 31 0 8 24 8 8 8 1 0
1 -1 -1 1 31 2 10 1 41 1 -1 31 10 1 1 2 31 1 2 31 1 1 10 10 41 1 1 1 1 1 1 -1 2 2 1 1 1 10 41 31 31 -1 -1 1 41 10 10 10 1 1 1 1 1 1 1 1 1 2 2 2 10 31 1 1 2 2 1 41 10 2 1 2 10 10 1 2 10 10 31 2 1 31 2 2 31 1 1 1 31 2 1 2 2 10 41 10 1 1 1 10
-1 -1 1 16 0 15 0 0 0 0 0 16 1 1 15 -1 -1 0 0 26 0 1 15 0 0 1 -1 1 0 26 1 1 1 16 0 1 1 1 0 1 0 0 1 -1 16 1 0 0 26 1 1 1 0 15 0 1 1 0 0 1 0 1 0 15 0 0 1 16 0 0 16 26 0 1 26 16 0 16 0 0 0 16 0 1 0 1 1 1 0 0 1 26 16 16 0 0 16 1 1 1
-1 0 0 -1 3 0 0 3 3 0 3 16 3 3 3 16 -1 0 0 3 0 3 34 0 0 34 0 0 0 0 0 0 34 3 -1 3 16 3 34 3 0 0 16 16 -1 3 0 0 3 0 3 3 0 3 0 3 16 0 0 0 0 0 0 34 0 3 0 0 3 3 16 3 3 3 16 3 0 3 0 0 0 34 3 0 0 3 3 3 0 3 0 3 16 0 3 34 3 0 34 0
3 9 9 -1 -1 4 4 3 3 -1 -1 10 3 3 3 4 3 3 4 9 9 3 10 9 4 4 29 9 4 -1 3 4 29 3 29 4 4 4 4 3 29 3 10 4 3 -1 4 4 3 4 9 3 9 3 29 3 4 4 3 3 10 4 10 3 9 4 29 4 9 10 4 3 3 3 29 3 10 3 3 4 9 4 3 4 4 3 10 3 9 3 3 3 3 3 3 9 3 3 4 4
4 7 70 4 -1 -1 12 -1 97 20 12 20 -1 5 70 5 4 20 5 12 -1 70 5 4 5 5 20 5 4 5 5 20 20 7 12 4 20 4 4 7 4 5 7 20 4 4 -1 5 5 97 5 5 20 7 7 7 97 4 12 7 12 5 12 70 4 5 12 5 7 12 -1 5 12 12 12 12 5 4 12 7 20 5 20 12 20 7 7 70 7 5 70 70 12 12 12 4 97 -1 5 4
-1 0 0 4 -1 -1 0 0 0 -1 0 5 83 5 0 5 5 0 5 0 9 0 5 9 5 5 0 0 4 5 0 0 83 5 0 4 4 4 0 0 4 0 0 0 0 9 4 -1 5 0 5 5 0 5 0 4 5 4 0 83 0 0 9 5 0 5 0 0 9 83 4 4 9 4 9 83 0 83 0 0 9 5 0 -1 0 4 9 5 0 5 9 5 5 0 9 5 4 4 0 4
26 3 37 -1 3 -1 3 3 3 65 3 5 3 3 3 5 3 3 5 3 5 3 5 26 5 5 -1 5 65 26 5 26 5 3 5 26 65 -1 37 37 5 5 37 26 3 3 5 5 -1 37 5 5 37 3 37 3 5 3 3 37 26 3 5 5 3 -1 5 5 5 26 5 3 3 3 26 3 3 3 37 5 26 5 3 37 3 3 37 5 37 5 26 26 3 3 5 65 3 5 5 3
-1 -1 0 77 0 81 0 1 97 0 1 70 1 1 70 0 1 0 0 21 0 -1 21 25 0 -1 0 0 1 1 0 1 77 0 -1 1 1 1 34 21 0 0 1 1 34 0 70 0 1 -1 0 1 0 1 0 1 97 1 0 77 0 81 1 70 0 1 0 0 0 81 -1 1 0 1 1 0 0 -1 1 0 0 -1 0 77 0 1 1 70 0 70 1 81 70 34 21 0 1 -1 25 1
40 9 13 13 5 -1 9 79 5 -1 5 5 13 -1 40 5 79 13 5 9 9 5 5 95 5 5 95 40 95 5 5 9 5 87 13 79 87 13 5 87 -1 79 13 13 79 9 5 9 5 5 -1 5 9 13 87 5 5 5 5 79 5 5 9 5 9 95 5 5 9 79 87 5 9 5 13 79 79 13 87 -1 9 5 79 5 40 87 13 -1 5 87 87 5 13 87 87 -1 13 5 95 5
8 -1 71 -1 3 -1 3 1 -1 1 1 5 3 8 91 5 67 3 8 3 8 1 5 1 5 5 71 1 1 5 5 1 1 3 1 8 1 39 71 -1 8 1 1 1 3 3 5 5 3 1 5 -1 1 3 39 3 1 76 76 3 1 8 1 5 67 5 8 -1 5 76 5 -1 3 3 1 3 -1 3 39 1 1 91 91 39 1 3 1 8 3 3 1 -1 3 8 71 8 3 8 1 1
-1 0 0 0 35 22 22 0 20 -1 0 20 22 35 0 0 9 0 35 0 -1 0 -1 9 0 0 0 0 0 0 0 0 20 9 0 -1 20 22 0 22 0 0 0 0 0 9 20 0 0 0 9 9 -1 0 35 35 9 20 0 35 0 0 0 35 0 35 0 35 9 35 0 9 0 0 9 22 0 0 0 0 9 22 0 22 0 9 0 20 0 22 35 0 20 0 20 35 9 20 0 0
15 -1 1 -1 37 15 7 -1 3 1 1 7 3 3 3 -1 1 3 37 15 58 1 37 1 37 1 1 1 1 1 3 1 1 7 1 1 1 -1 1 3 7 1 1 1 3 3 7 3 37 1 1 3 58 -1 1 7 96 58 -1 37 15 3 1 15 1 3 1 1 3 3 3 3 96 37 1 3 58 3 37 1 7 1 3 1 1 3 1 7 37 3 1 15 3 58 15 1 -1 1 1 1
-1 23 23 0 0 0 0 0 35 23 23 0 98 98 0 0 98 0 0 0 0 0 0 -1 0 23 23 0 0 0 0 39 86 87 0 -1 39 39 0 -1 0 0 35 0 0 39 87 0 0 0 87 39 35 0 -1 35 84 0 0 84 0 39 0 87 0 23 0 0 23 86 87 39 0 0 86 35 0 84 39 35 0 39 0 39 -1 23 -1 -1 0 87 87 0 23 87 87 98 0 35 -1 0
3 7 6 -1 35 29 -1 -1 35 35 3 7 6 3 3 6 3 3 35 3 7 3 6 29 3 7 29 35 7 -1 3 29 7 7 7 -1 29 3 6 3 29 7 3 3 3 29 7 35 3 29 3 3 35 3 35 -1 35 35 3 3 29 3 35 7 29 3 6 35 7 6 7 3 3 29 6 3 7 3 35 35 35 29 3 6 6 3 29 3 29 7 6 6 3 3 3 35 3 7 35 6
1 -1 18 85 -1 -1 4 1 18 1 1 5 1 5 1 5 1 96 -1 1 4 1 5 1 4 1 1 1 1 5 5 1 1 4 1 4 1 4 4 5 4 1 1 1 85 4 5 4 5 97 5 1 4 96 5 4 -1 4 96 18 4 85 1 18 1 4 1 5 5 4 1 85 96 18 1 18 4 18 1 18 18 5 4 18 18 -1 1 5 4 5 1 1 5 1 5 4 -1 -1 1 4
4 14 14 12 -1 4 12 8 -1 14 12 12 -1 8 -1 14 12 76 -1 12 8 18 12 69 12 4 12 8 4 12 12 18 69 76 76 4 14 4 8 8 4 8 69 8 8 4 4 4 12 18 69 76 12 14 69 4 18 -1 12 18 14 4 4 18 8 14 8 8 8 -1 14 18 14 18 12 12 -1 18 12 69 18 69 18 69 18 18 69 12 8 18 14 14 12 12 12 8 12 8 12 4
-1 12 0 -1 3 0 12 3 3 0 12 12 -1 3 3 53 3 3 0 0 32 0 12 0 12 32 0 0 0 0 3 0 -1 3 0 32 0 3 0 3 0 0 32 0 0 3 12 0 3 0 3 76 0 -1 0 3 96 12 -1 32 0 3 0 0 0 0 0 0 3 32 12 3 3 3 12 12 -1 3 12 0 0 32 0 32 0 3 53 0 0 3 3 3 12 12 0 0 -1 12 32 0
31 2 -1 33 18 18 75 33 18 2 37 18 75 2 2 75 31 33 -1 75 33 31 37 2 31 2 31 33 2 31 18 -1 2 -1 18 18 2 -1 33 37 18 31 31 18 18 33 18 31 37 37 2 37 18 37 31 37 18 18 2 -1 33 31 18 18 33 37 31 75 37 2 33 2 75 37 37 -1 2 18 33 75 18 2 2 2 18 31 31 33 37 2 2 2 2 2 18 2 18 18 31 18
-1 0 33 0 24 0 82 33 0 0 -1 0 10 33 0 0 61 33 0 0 0 0 82 10 -1 24 0 0 0 0 0 61 10 -1 0 33 33 10 61 33 0 24 10 0 0 10 0 0 33 0 33 24 0 0 0 33 24 0 0 33 -1 -1 10 33 0 10 0 0 33 10 0 82 0 0 10 0 0 0 33 0 0 82 -1 33 0 61 0 33 0 33 0 82 10 0 24 0 33 0 0 0
24 31 31 85 24 24 38 31 38 85 60 24 24 31 38 24 31 85 31 31 24 60 24 85 -1 24 85 85 31 24 60 -1 85 60 38 85 31 38 -1 31 31 31 31 60 38 85 24 31 24 24 24 85 24 85 60 85 85 24 24 31 -1 -1 31 60 38 31 38 31 24 24 24 38 38 85 85 24 60 85 38 24 24 31 60 60 31 -1 31 38 38 24 85 31 24 38 24 85 85 85 31 24
-1 -1 9 0 0 0 0 1 35 -1 -1 9 1 1 1 0 1 0 35 9 0 0 1 9 0 1 0 35 1 1 0 0 1 1 0 -1 1 1 0 10 0 0 1 0 0 9 9 0 1 0 9 1 35 1 0 35 1 1 0 1 0 0 -1 1 0 1 1 0 9 1 1 1 9 0 1 10 0 0 0 35 9 9 0 0 0 1 1 9 0 9 1 1 1 1 9 35 1 0 1 0
15 21 18 21 18 15 15 33 18 21 21 70 21 33 15 -1 15 33 -1 21 18 -1 21 18 94 70 18 33 33 15 15 21 33 -1 21 18 21 33 94 21 33 94 33 15 21 18 70 15 18 21 33 18 15 15 33 18 18 18 15 18 33 94 18 -1 15 33 15 21 33 33 -1 21 94 18 21 15 18 18 33 18 18 15 33 21 18 18 21 33 15 15 33 15 21 33 -1 18 33 21 21 21
-1 27 9 0 0 29 0 0 27 -1 0 0 9 9 0 0 67 0 0 9 0 0 27 0 0 9 0 -1 0 -1 0 0 27 27 38 67 9 86 -1 67 0 0 9 0 0 29 9 9 29 0 9 67 0 0 0 29 0 0 0 27 0 38 9 27 -1 27 0 -1 9 86 0 38 9 29 27 0 0 29 38 0 0 27 0 0 0 0 -1 9 0 29 9 67 0 38 38 9 9 27 9 0
23 36 23 48 28 27 23 28 27 23 23 28 27 48 36 36 48 27 48 48 36 23 27 -1 27 23 48 -1 -1 36 28 36 23 27 95 95 -1 48 27 36 27 36 36 36 28 23 36 28 -1 28 95 27 23 28 23 27 48 27 28 48 27 27 23 27 27 -1 23 28 48 28 36 28 28 48 48 48 23 48 27 95 28 27 27 23 23 28 27 95 48 36 28 48 36 23 95 -1 48 27 95 28
-1 -1 1 8 0 0 0 1 -1 1 0 0 19 8 0 19 1 8 0 -1 8 1 1 0 0 1 19 0 0 1 1 1 1 8 1 8 1 1 8 8 0 1 1 0 0 19 1 0 1 0 0 8 0 1 0 8 1 8 0 8 0 0 1 0 0 8 -1 0 1 8 0 1 0 19 1 19 0 0 8 0 0 1 0 1 0 1 1 0 0 1 1 8 19 19 0 0 1 8 1 1
-1 16 0 51 35 51 0 0 0 64 0 16 78 35 0 16 -1 0 35 0 0 0 78 0 0 51 0 64 0 0 0 0 86 78 0 -1 16 35 64 51 0 0 86 0 0 16 51 0 0 0 0 -1 0 35 86 35 35 51 0 0 0 16 0 16 -1 0 0 -1 16 86 0 51 0 0 78 16 51 16 -1 35 0 16 0 86 0 0 -1 0 0 0 16 51 16 64 78 35 0 0 51 0
40 7 9 -1 5 -1 3 -1 3 -1 3 5 74 5 3 5 3 3 5 3 9 3 5 9 5 5 74 40 74 5 5 7 74 7 3 40 5 3 40 3 -1 7 7 9 3 9 5 9 3 7 9 5 9 3 3 3 5 40 3 7 7 5 9 7 9 5 7 7 -1 74 7 3 3 3 -1 3 3 3 3 5 9 5 3 5 7 3 3 40 9 3 3 5 3 3 3 5 3 7 3 3
79 2 -1 6 57 74 -1 6 57 2 12 12 -1 2 57 6 74 12 57 12 32 6 83 2 12 32 74 86 2 79 79 2 -1 2 74 79 2 2 79 2 6 86 2 74 2 2 12 83 74 79 79 32 79 32 86 6 86 -1 32 2 6 12 79 2 86 2 32 86 74 -1 12 2 79 6 -1 12 57 32 12 -1 6 2 6 -1 6 32 -1 32 2 2 6 57 2 12 12 79 6 57 2 32
14 14 14 14 46 46 11 46 46 87 14 -1 11 11 -1 14 11 14 63 49 46 49 63 49 49 49 49 87 11 14 14 11 46 63 49 63 14 49 11 87 87 14 14 49 49 14 -1 49 46 -1 87 49 49 49 87 46 49 14 49 87 49 63 14 -1 49 11 14 14 14 11 -1 14 49 14 49 11 49 49 11 14 63 49 11 14 63 87 14 -1 11 87 87 14 11 87 63 87 14 46 87 63
38 3 -1 -1 3 51 3 3 51 2 3 51 3 3 2 38 3 3 2 26 3 3 51 2 3 3 -1 51 2 26 3 38 2 2 38 26 2 3 -1 2 26 3 2 26 3 3 3 51 3 26 3 -1 38 3 38 3 51 3 3 2 2 38 3 38 38 2 3 51 3 2 3 -1 3 3 26 3 51 3 38 38 3 2 3 2 3 3 26 38 38 2 26 26 2 38 38 2 3 51 26 26
-1 9 9 -1 0 0 3 3 3 -1 0 0 3 3 0 0 3 3 0 3 0 3 9 9 94 9 0 0 0 0 3 0 3 3 0 0 0 3 0 3 0 0 9 0 0 3 3 9 3 0 9 3 0 96 0 3 96 0 96 3 0 0 9 94 0 0 0 0 9 0 0 3 -1 3 9 3 0 3 0 0 9 0 0 0 0 3 3 94 0 3 0 3 3 94 -1 0 -1 3 0 0
18 3 18 -1 3 29 3 3 18 29 3 18 3 3 3 29 3 3 -1 3 18 3 37 29 29 37 29 37 29 -1 3 18 3 3 37 18 37 -1 29 37 29 29 29 37 3 3 37 3 3 29 18 3 29 37 29 29 18 18 3 18 18 3 37 18 29 37 18 18 3 18 3 3 3 -1 37 3 18 18 3 3 18 18 3 37 18 3 29 3 37 3 37 29 3 3 18 18 3 3 37 3
26 -1 1 12 69 68 12 68 69 1 12 12 -1 1 1 26 1 26 69 26 68 1 12 26 12 1 -1 1 1 26 1 1 1 12 1 1 1 1 12 68 68 1 1 26 12 68 12 26 26 1 1 1 68 1 26 12 1 12 12 12 12 1 1 1 69 26 1 26 -1 -1 1 26 12 68 -1 12 26 68 12 69 1 1 1 69 26 1 69 12 26 68 1 26 12 12 12 1 68 1 1 1
79 12 59 -1 3 12 12 3 3 12 3 12 -1 3 3 16 -1 3 59 3 32 3 12 16 12 32 79 32 16 32 3 59 -1 59 12 79 32 59 12 3 79 79 32 16 16 3 12 79 3 32 79 3 3 3 3 3 32 12 12 -1 12 3 12 59 16 3 16 16 3 79 16 3 3 3 12 -1 3 3 12 -1 79 32 3 32 12 3 32 12 12 3 16 3 3 12 12 79 3 3 12 12
-1 51 0 0 57 0 0 0 51 0 0 57 57 57 17 0 0 -1 0 0 0 0 57 0 0 58 0 0 0 0 0 0 58 17 0 0 57 57 0 51 0 0 0 0 0 57 58 0 58 0 51 -1 0 58 0 58 57 -1 -1 0 0 0 0 0 0 0 0 51 58 57 0 51 0 57 51 58 -1 58 51 0 0 0 0 58 0 0 51 17 0 51 0 51 57 17 0 0 58 57 51 0
49 3 32 -1 18 18 3 3 3 32 3 49 3 3 3 18 3 3 -1 3 32 49 18 3 29 49 29 29 32 -1 3 18 -1 3 49 18 3 3 3 3 29 49 32 32 3 29 29 18 3 -1 3 3 29 3 49 29 18 18 32 18 18 3 3 18 29 3 3 49 3 32 49 3 3 3 32 32 3 -1 3 18 18 49 3 32 18 3 3 32 49 3 29 3 3 3 3 18 3 49 3 32
38 12 33 33 33 39 12 33 38 12 12 12 -1 33 12 38 67 33 12 12 12 33 12 12 12 38 38 33 67 38 38 39 12 -1 38 67 12 39 -1 -1 33 12 39 38 67 12 12 38 33 38 33 39 67 33 39 67 12 12 12 33 33 38 67 33 38 33 38 -1 33 12 12 38 12 12 12 12 33 12 -1 67 67 38 38 33 12 39 67 33 38 33 12 67 12 12 38 67 39 12 39 12
-1 35 0 75 35 50 0 0 35 0 0 75 75 50 0 0 75 0 35 0 0 0 69 0 0 50 0 0 0 0 0 0 69 75 0 -1 0 0 0 0 50 0 69 0 0 50 35 0 0 0 -1 0 35 35 0 35 0 69 0 75 0 0 35 35 0 0 0 35 50 -1 50 69 0 35 69 -1 0 35 75 -1 0 50 0 69 0 35 69 50 0 50 69 0 75 75 0 50 0 35 0 0
-1 0 9 0 0 18 0 0 0 -1 0 20 0 9 0 0 0 0 -1 9 -1 0 0 9 0 18 0 0 0 0 0 0 20 0 0 18 20 18 0 18 0 0 9 0 0 9 20 9 18 0 9 9 20 0 0 18 18 18 0 18 0 0 9 18 9 9 0 0 9 20 18 9 0 18 0 20 0 18 0 0 -1 9 0 9 0 18 9 20 0 18 0 0 0 20 18 9 0 20 9 0
2 2 -1 91 5 -1 91 2 5 2 2 5 2 5 2 5 31 34 2 34 5 34 5 2 31 34 91 5 2 5 5 -1 2 2 -1 2 2 34 34 2 31 31 2 34 34 5 5 5 5 -1 5 5 34 34 31 5 5 5 31 31 2 31 5 49 34 5 2 31 5 2 49 2 5 5 91 31 31 49 31 5 34 -1 91 2 31 2 34 2 49 5 49 -1 2 34 34 34 5 49 34 5
-1 0 -1 -1 6 0 -1 0 3 2 3 6 3 2 3 0 3 3 0 0 0 0 6 0 0 3 0 0 2 0 3 0 2 2 0 2 2 3 0 3 0 0 2 0 0 3 6 0 3 0 3 91 0 3 0 6 6 0 3 2 -1 60 0 3 0 2 0 0 3 6 6 2 3 3 3 3 0 3 6 0 0 2 -1 2 6 3 3 0 0 2 6 -1 2 2 0 0 3 3 2 0
47 32 -1 2 47 47 22 2 47 47 47 69 69 2 2 22 2 2 2 69 32 22 -1 2 2 32 47 32 2 22 2 32 -1 2 32 32 2 22 47 2 2 47 2 47 47 2 22 -1 22 22 2 22 22 32 69 22 47 69 32 2 47 47 47 2 47 2 2 69 2 -1 2 2 2 22 69 32 47 32 69 69 47 2 2 -1 2 2 69 32 22 2 2 2 2 22 22 2 32 2 32 47
-1 0 18 6 18 18 -1 0 18 0 0 6 6 31 0 0 31 0 -1 0 0 0 6 54 0 6 0 0 0 0 0 -1 31 0 0 54 0 0 0 31 0 31 31 0 0 0 0 0 6 0 54 54 0 6 -1 6 18 18 0 18 0 31 0 18 0 54 0 0 18 6 18 6 0 18 31 0 0 18 54 0 18 31 0 18 -1 31 54 54 0 18 6 0 6 6 31 18 6 0 54 0
3 -1 1 -1 3 56 90 3 3 1 3 56 1 1 1 1 3 3 56 3 3 1 1 1 61 1 1 1 1 1 3 1 1 3 1 1 1 3 61 3 1 1 1 1 3 3 3 56 3 1 3 1 1 1 3 3 -1 1 3 3 61 -1 1 56 1 3 1 1 3 3 90 3 3 3 1 3 3 3 61 3 1 1 3 1 90 -1 1 90 3 3 -1 3 3 90 61 1 3 56 1 1
64 -1 1 1 64 1 69 1 67 1 1 1 1 1 1 54 1 67 1 67 64 1 69 54 69 1 1 1 1 1 1 1 1 67 1 54 1 1 64 54 1 1 1 1 64 64 69 1 1 1 69 67 67 1 -1 69 1 69 64 69 67 1 1 1 -1 64 1 -1 64 -1 1 64 64 1 69 1 69 1 67 69 1 69 1 69 54 1 -1 54 1 1 1 67 1 64 64 54 1 1 1 1
54 90 89 33 20 50 90 89 20 50 33 20 93 50 70 20 93 93 33 20 -1 94 93 54 94 54 90 33 54 54 89 20 20 -1 94 54 20 54 94 54 50 20 89 54 20 20 20 54 89 70 -1 89 20 89 -1 90 89 70 33 33 33 94 54 33 20 33 20 54 50 90 -1 93 94 33 90 93 33 33 33 50 20 70 90 89 54 90 54 -1 70 -1 -1 70 93 -1 -1 50 33 70 54 90
-1 0 0 37 24 0 0 0 38 0 37 -1 24 37 0 0 11 0 0 0 11 0 37 0 -1 37 0 0 0 0 0 24 37 0 0 38 11 -1 -1 37 0 24 37 0 0 0 0 0 37 0 11 0 0 37 0 11 11 24 0 37 24 24 0 11 38 37 0 0 37 24 11 38 0 37 37 37 0 37 38 0 0 11 0 0 0 24 38 0 -1 0 37 0 11 38 38 11 0 38 37 0
2 2 -1 -1 3 -1 3 -1 5 2 3 5 3 5 3 5 3 3 5 3 87 3 5 2 5 5 2 5 2 5 3 7 2 3 7 87 2 3 87 2 5 7 2 7 3 3 5 5 5 7 87 3 5 7 87 3 5 3 3 2 87 3 5 87 2 3 5 3 7 2 87 2 3 3 3 3 2 3 7 7 7 5 2 2 2 3 87 -1 5 -1 87 2 3 87 87 2 3 7 7 7
1 -1 1 85 6 6 -1 1 87 1 1 6 6 1 1 1 1 1 85 6 87 1 6 1 6 1 1 1 1 1 1 1 1 87 1 1 1 1 85 6 6 1 1 1 1 1 6 6 1 1 87 1 1 1 87 6 1 6 85 1 6 85 1 87 1 1 1 6 85 6 87 6 85 6 1 6 1 85 1 6 87 1 6 1 6 -1 1 -1 6 87 -1 6 1 87 87 87 1 85 1 1
26 14 81 82 26 81 82 26 51 51 82 82 51 82 -1 14 26 14 14 26 26 26 81 26 51 81 -1 26 51 26 81 81 51 51 81 26 14 14 82 51 26 81 82 26 51 26 81 82 26 81 81 -1 82 82 26 82 51 14 14 82 82 81 26 14 26 14 14 51 26 14 14 51 51 51 26 14 51 14 51 14 26 -1 -1 82 82 26 51 14 82 51 26 -1 14 14 81 26 14 81 51 82
3 12 -1 -1 3 11 11 11 3 2 12 -1 -1 3 3 16 -1 93 2 3 11 3 12 2 12 3 2 16 2 2 3 16 2 3 16 3 2 3 93 3 3 3 2 16 16 3 12 3 3 16 93 3 12 3 93 3 3 12 3 2 2 3 16 2 3 11 3 16 3 2 11 3 3 3 12 12 12 3 12 2 11 2 2 2 11 3 12 93 11 3 2 2 -1 -1 3 2 3 12 12 16
38 12 92 12 17 92 12 12 38 92 12 12 -1 87 17 12 92 -1 12 12 87 12 12 38 12 12 17 38 17 17 17 92 12 17 38 17 17 38 -1 92 87 38 12 38 17 92 12 17 17 17 87 12 17 12 87 92 12 12 12 92 87 38 12 87 38 87 38 92 92 12 87 38 38 92 12 12 17 12 12 87 87 92 17 92 17 17 12 -1 38 87 87 17 -1 -1 38 87 92 38 38 12
72 72 38 72 24 24 38 63 38 72 38 38 24 38 87 63 63 63 63 72 87 63 24 72 -1 38 38 87 24 72 72 24 87 87 38 24 87 38 -1 72 24 24 24 24 72 24 24 72 72 87 87 38 24 63 87 72 72 24 38 24 24 24 24 -1 38 24 38 38 72 24 87 38 -1 63 24 24 72 72 38 38 38 24 72 24 24 24 38 -1 24 87 87 87 24 38 -1 87 72 38 38 38
28 35 28 23 35 50 23 28 35 50 23 28 28 50 35 50 98 35 35 23 50 35 50 -1 35 98 23 35 -1 98 23 35 28 65 98 -1 65 23 28 98 50 23 28 35 28 28 50 28 65 23 -1 35 35 28 23 35 98 28 23 23 28 35 35 35 35 -1 35 35 50 50 50 28 23 35 98 50 23 35 35 35 50 23 28 23 98 28 98 50 23 50 35 23 28 50 50 -1 28 35 -1 28
58 3 72 -1 56 56 3 3 3 72 3 53 58 3 3 53 3 3 56 3 3 3 56 72 58 3 72 72 53 3 3 58 58 3 58 56 56 3 58 3 56 72 53 53 3 3 53 3 3 3 72 3 58 -1 3 3 -1 58 -1 53 72 56 72 53 72 3 3 3 3 3 3 3 -1 3 3 3 58 3 58 72 72 56 3 58 58 3 3 3 72 3 56 3 3 58 72 56 -1 56 53 3
49 49 56 8 46 8 46 46 -1 8 46 8 46 8 56 56 49 8 8 49 8 49 46 49 8 49 8 8 56 8 46 8 49 46 49 8 56 8 8 8 46 8 56 8 49 56 -1 56 56 -1 46 8 49 8 8 46 -1 8 56 8 49 56 8 8 49 8 8 49 8 46 49 8 56 8 56 8 8 49 46 49 56 49 49 49 49 56 49 46 49 56 56 49 46 46 8 8 56 -1 56 49
1 -1 1 1 25 25 25 1 25 1 1 1 1 1 1 1 1 34 34 1 34 1 25 1 54 -1 1 1 95 1 1 1 25 1 -1 1 1 1 34 54 54 1 1 1 34 25 25 1 25 34 95 1 54 1 -1 54 1 1 25 1 34 1 1 1 34 95 1 54 1 25 34 34 54 1 1 25 1 1 34 54 54 34 1 1 54 1 54 54 34 54 1 1 1 54 34 -1 1 1 -1 1
-1 -1 0 21 -1 0 0 1 0 0 -1 0 10 1 0 0 1 0 0 0 0 -1 21 1 4 1 0 1 0 0 0 1 1 0 0 4 1 4 0 0 4 0 1 0 0 10 4 4 21 21 0 1 0 1 0 1 1 4 0 1 0 4 0 21 0 10 1 0 21 1 0 4 0 10 1 10 0 10 1 0 0 1 0 4 0 1 1 1 0 0 1 0 0 1 0 10 1 0 1 -1
